P2: 2162.827939 0.000000 968.512893 0 0.000000 2307.430671 558.797546 0 0.000000 0.000000 1.000000 0