P2: 2757.839717 0.000000 992.437197 0 0.000000 2899.073935 576.566446 0 0.000000 0.000000 1.000000 0