P2: 2184.084907 0.000000 990.488434 0 0.000000 2330.131664 541.755886 0 0.000000 0.000000 1.000000 0